    unsorted:	 45.31961246 45.31961246 45.31961246 297.0124771 291.8546376 -38.93487843 1301.136256 1768.168694 1894.926812 2103.648337 2817.157624 4154.000151 5655.337778 6229.702501 6900.716209 7502.926475 7925.568303 9096.820091 9273.339357 9524.826293 12475.45590 12622.85880 16380.93792 19693.01436 37840.48704 73700.24348 92491.79514 292457.3321 -404020.3595 573989.9531 1492896.582 27627045.46 -9.562835080e+10 7.760106362e+13 3.984910901e+15
      sorted:	 -9.562835080e+10 -404020.3595 -38.93487843 45.31961246 45.31961246 45.31961246 291.8546376 297.0124771 1301.136256 1768.168694 1894.926812 2103.648337 2817.157624 4154.000151 5655.337778 6229.702501 6900.716209 7502.926475 7925.568303 9096.820091 9273.339357 9524.826293 12475.45590 12622.85880 16380.93792 19693.01436 37840.48704 73700.24348 92491.79514 292457.3321 573989.9531 1492896.582 27627045.46 7.760106362e+13 3.984910901e+15
