    unsorted:	 0.2296347415 0.005625529632 0.01166593424 884.1967607 876.5737867 836.4532552 981.8577899 1012.598111 1080.771348 1147.050767 638.0836348 498.9805534 530.8298526 483.8902153 1218.699482 343.5524339 223.5331379 7.257933014 1318.567791 1454.072495 1640.556978 2008.308906 2966.121856 4279.506327 7422.814313 303494.7905 7755419003.
      sorted:	 0.005625529632 0.01166593424 0.2296347415 7.257933014 223.5331379 343.5524339 483.8902153 498.9805534 530.8298526 638.0836348 836.4532552 876.5737867 884.1967607 981.8577899 1012.598111 1080.771348 1147.050767 1218.699482 1318.567791 1454.072495 1640.556978 2008.308906 2966.121856 4279.506327 7422.814313 303494.7905 7755419003.
