    unsorted:	 171.3472991 171.3472991 171.3472991 171.3472991 171.3472991 171.3472991 171.3472991 171.3472991 171.3472991 171.3472991 298.0316406 314.3478348 270.8521121 276.6167922 332.3396965 221.0550802 223.2267652 196.8452702 179.1312544 376.0919970 397.9344765 427.8925812 445.9841937 492.8518738 544.2495750 66.09158949 656.1843007 830.9079907 897.1174405 926.8559365 1261.130437 1527.337483 1608.591732 1827.828455 1945.156455 2039.489516 2261.914848 2800.848453 3070.260355 3354.775777 4496.473009 4860.156637 5687.297025 6381.037406 7486.369816 8376.297397 10251.62129 15886.07344 20531.27388 28938.39359 39485.11781 53164.34540 75104.12089 7579835.392
      sorted:	 66.09158949 171.3472991 171.3472991 171.3472991 171.3472991 171.3472991 171.3472991 171.3472991 171.3472991 171.3472991 171.3472991 179.1312544 196.8452702 221.0550802 223.2267652 270.8521121 276.6167922 298.0316406 314.3478348 332.3396965 376.0919970 397.9344765 427.8925812 445.9841937 492.8518738 544.2495750 656.1843007 830.9079907 897.1174405 926.8559365 1261.130437 1527.337483 1608.591732 1827.828455 1945.156455 2039.489516 2261.914848 2800.848453 3070.260355 3354.775777 4496.473009 4860.156637 5687.297025 6381.037406 7486.369816 8376.297397 10251.62129 15886.07344 20531.27388 28938.39359 39485.11781 53164.34540 75104.12089 7579835.392
