    unsorted:	 171.3472991 171.3472991 171.3472991 171.3472991 171.3472991 171.3472991 171.3472991 171.3472991 171.3472991 171.3472991 298.7156391 294.6494218 329.9878761 326.9433181 275.4162811 358.0417450 374.6717144 385.5364623 412.1932891 421.1455038 251.9931200 229.4648289 456.7491074 488.7760229 184.9606593 156.8570222 124.8703901 549.5202865 0.06419209648 0.05450412366 74.93763112 61.76745898 595.4091956 643.4488410 703.4730003 817.2077253 878.4358614 941.6301211 1024.420583 1213.230777 1340.292576 1492.510420 1582.217677 1765.427561 1915.071295 2319.958527 2528.360905 2972.114657 3230.815191 3543.407775 3780.804784 4615.422990 5003.680268 6139.587149 7089.188445 10557.85584 16017.89882 39454.36229 36347.34667 56854.47907 153435.5206 369106.4999 5742819.341
      sorted:	 0.05450412366 0.06419209648 61.76745898 74.93763112 124.8703901 156.8570222 171.3472991 171.3472991 171.3472991 171.3472991 171.3472991 171.3472991 171.3472991 171.3472991 171.3472991 171.3472991 184.9606593 229.4648289 251.9931200 275.4162811 294.6494218 298.7156391 326.9433181 329.9878761 358.0417450 374.6717144 385.5364623 412.1932891 421.1455038 456.7491074 488.7760229 549.5202865 595.4091956 643.4488410 703.4730003 817.2077253 878.4358614 941.6301211 1024.420583 1213.230777 1340.292576 1492.510420 1582.217677 1765.427561 1915.071295 2319.958527 2528.360905 2972.114657 3230.815191 3543.407775 3780.804784 4615.422990 5003.680268 6139.587149 7089.188445 10557.85584 16017.89882 36347.34667 39454.36229 56854.47907 153435.5206 369106.4999 5742819.341
